# columns match size in bytes then (ins/byte, branch miss /KB, GB/s, ins/cycle)# the validators are memcpy, branchy, dfa, lookup3, branchy/ascii, lookup4
# number of repetitions 1000 
1025             0.091     0.000  102.500       10.808    12.683    0.890        6.962     0.000    1.827        1.128     1.951   11.389       14.927     0.000    0.914        0.983     0.000   12.812
1678             0.102     0.000  167.800       10.881    10.727    0.859        6.993     0.000    1.800        1.099     0.596   11.986       14.983    11.919    0.854        0.959     0.596   12.908
2329             0.101     0.000   77.633       10.731    23.186    0.810        6.988     0.000    1.804        1.098     0.000   12.939       15.003    30.915    0.767        0.959     0.000   12.939
2984             0.101     0.335   74.600       10.654    34.182    0.748        6.993     2.346    1.682        1.120     0.000   12.433       14.847    33.177    0.739        0.978     0.335   13.502
3631             0.097     0.000  121.033       10.638    40.485    0.738        6.993     0.000    1.804        1.114     0.000   12.478       14.863    52.327    0.704        0.973     0.000   13.912
4282             0.098     0.000  107.050       10.685    58.150    0.676        6.998     1.401    1.709        1.111     0.000   12.557       14.911    74.031    0.612        0.970     0.000   13.340
4939             0.098     0.000   98.780       10.629    70.460    0.638        6.994     0.000    1.806        1.121     0.000   12.317       14.889    79.166    0.496        0.979     0.000   13.313
5589             0.100     0.000   61.418       10.607   103.954    0.573        6.997     0.000    1.805        1.105     0.000   12.673       14.900   103.239    0.572        0.965     0.000   13.599
6238             0.100     0.160   89.114       10.605   117.826    0.541        6.998     0.000    1.794        1.104     0.000   12.969       14.809   115.422    0.547        0.964     0.000   13.801
6895             0.100     0.000  114.917       10.747   141.117    0.506        7.001     0.000    1.797        1.112     0.000   12.514       14.989   171.574    0.449        0.971     0.000   13.493
7542             0.100     0.133   83.800       10.663   166.932    0.464        6.998     0.000    1.801        1.111     0.000   12.549       14.872   186.025    0.433        0.970     0.000   13.688
8192             0.100     0.122   81.920       10.669   183.472    0.443        6.998     0.000    1.801        1.103     0.000   12.780       14.812   202.881    0.416        0.963     0.000   13.631
8845             0.102     0.113   98.278       10.644   207.123    0.419        6.997     0.000    1.805        1.108     0.000   12.800       14.859   205.314    0.416        0.967     0.000   13.587
9495             0.100     0.105   67.340       10.662   220.537    0.407        6.999     0.000    1.799        1.107     0.000   12.660       14.843   224.750    0.391        0.967     0.000   13.354
10149             0.100     0.099   78.069       10.679   231.846    0.398        6.997     0.000    1.802        1.113     0.000   12.814       14.923   236.969    0.378        0.972     0.099   13.336
10799             0.100     0.093   71.993       10.619   246.041    0.385        6.997     0.000    1.800        1.111     0.000    8.294       14.866   255.764    0.366        0.970     0.000   13.465
11450             0.100     0.087   40.893       10.668   253.450    0.377        6.998     0.000    1.800        1.110     0.000   12.694       14.888   253.974    0.368        0.969     0.000   13.439
12102             0.100     0.000   40.206       10.684   261.775    0.368        6.999     0.000    1.795        1.109     0.000   12.712       14.926   258.718    0.364        0.968     0.000   13.552
12755             0.101     0.000   33.566       10.651   271.580    0.362        6.999     0.000    1.796        1.108     0.000   12.604       14.915   266.249    0.357        0.967     0.000   13.398
13416             0.101     0.000   41.925       10.703   275.417    0.357        6.999     0.000    1.800        1.106     0.000   12.633       14.928   269.305    0.355        0.966     0.000   13.538
14063             0.101     0.000   42.486       10.665   287.919    0.349        7.000     0.000    1.797        1.111     0.000   12.647       14.834   272.844    0.353        0.970     0.000   13.509
14710             0.101     0.000   47.299       10.669   295.785    0.345        6.999     0.000    1.799        1.110     0.000   12.659       14.873   276.071    0.350        0.969     0.000   13.471
15365             0.101     0.000   49.405       10.720   288.383    0.348        6.999     0.000    1.796        1.114     0.000   12.574       14.872   276.082    0.351        0.973     0.000   13.454
16011             0.101     0.000   49.879       10.577   296.171    0.341        6.999     0.000    1.795        1.108     0.000   12.687       14.791   294.735    0.338        0.968     0.000   13.546
16664             0.102     0.000   50.344       10.642   302.388    0.337        7.000     0.000    1.796        1.108     0.000   12.692       14.876   292.787    0.340        0.967     0.000   13.526
17319             0.101     0.000   55.688       10.685   307.350    0.335        6.999     0.000    1.778        1.111     0.000   12.614       14.878   302.269    0.334        0.970     0.000   13.509
17968             0.101     0.000   54.284       10.698   307.491    0.335        7.000     0.000    1.779        1.110     0.000   12.636       14.900   298.475    0.336        0.970     0.000   13.479
18618             0.101     0.000   53.043       10.736   307.659    0.334        6.999     0.000    1.783        1.110     0.000   12.648       14.947   294.124    0.338        0.969     0.000   13.462
19279             0.101     0.000   53.404       10.683   311.842    0.333        6.998     0.000    1.785        1.112     0.000   12.667       14.921   299.393    0.333        0.971     0.000   13.454
19930             0.101     0.000   55.208       10.682   312.243    0.333        7.000     0.000    1.781        1.108     0.000   12.751       14.911   297.291    0.335        0.967     0.000   13.623
20576             0.101     0.000   54.005       10.678   315.416    0.331        6.999     0.000    1.783        1.108     0.000   12.678       14.916   300.253    0.334        0.967     0.049   13.510
21228             0.101     0.000   52.938       10.652   319.578    0.329        6.999     0.000    1.785        1.110     0.000   12.689       14.869   304.880    0.331        0.970     0.000   13.495
21886             0.101     0.000   55.974       10.697   320.387    0.329        6.999     0.000    1.786        1.109     0.000   12.629       14.917   306.086    0.329        0.969     0.000   13.485
22528             0.101     0.000   56.180       10.635   324.352    0.325        6.999     0.000    1.786        1.107     0.000   12.635       14.888   308.505    0.326        0.967     0.000   13.547
23211             0.101     0.000   53.979       10.689   323.640    0.325        7.000     0.000    1.788        1.110     0.000   12.663       14.900   313.731    0.324        0.970     0.000   13.471
23836             0.101     0.000   54.050       10.663   320.230    0.327        6.999     0.000    1.791        1.108     0.000   12.659       14.839   317.922    0.324        0.968     0.000   13.597
24482             0.101     0.000   54.284       10.666   328.486    0.321        7.000     0.000    1.782        1.111     0.000   12.725       14.869   307.695    0.329        0.970     0.000   13.430
25134             0.101     0.000   54.639       10.663   327.047    0.323        6.999     0.000    1.793        1.110     0.000   12.668       14.871   310.297    0.327        0.969     0.000   13.412
25789             0.101     0.000   53.504       10.683   326.535    0.323        6.999     0.000    1.791        1.110     0.000   12.611       14.881   309.783    0.328        0.969     0.000   13.474
26441             0.101     0.000   53.851       10.688   321.092    0.326        6.999     0.000    1.792        1.111     0.000   12.573       14.893   305.057    0.330        0.970     0.000   13.463
27097             0.101     0.000   51.030       10.673   326.014    0.323        7.000     0.000    1.795        1.108     0.000   12.698       14.867   313.540    0.326        0.968     0.000   13.461
27741             0.101     0.000   54.394       10.689   332.180    0.321        6.999     0.000    1.789        1.108     0.000   12.702       14.903   316.823    0.324        0.968     0.000   13.506
28394             0.101     0.000   54.499       10.655   327.534    0.323        6.999     0.000    1.793        1.110     0.000   12.659       14.902   323.589    0.321        0.969     0.000   13.502
29051             0.101     0.000   48.338       10.656   325.910    0.324        6.999     0.000    1.793        1.110     0.000   12.664       14.889   319.817    0.324        0.969     0.000   13.487
29710             0.101     0.000   54.917       10.691   328.711    0.322        7.000     0.000    1.795        1.111     0.034   12.616       14.897   319.892    0.324        0.971     0.000   13.419
30347             0.102     0.000   54.094       10.660   328.995    0.323        6.999     0.000    1.805        1.109     0.000   12.618       14.845   313.935    0.325        0.968     0.000   13.524
31005             0.101     0.000   50.745       10.685   326.980    0.324        6.999     0.000    1.802        1.108     0.000   12.681       14.931   316.723    0.323        0.968     0.000   13.463
31667             0.101     0.000   55.459       10.681   326.997    0.322        7.000     0.000    1.804        1.110     0.000   12.642       14.928   318.849    0.321        0.969     0.000   13.447
32305             0.101     0.000   55.602       10.671   325.027    0.324        6.999     0.000    1.803        1.110     0.000   12.649       14.885   317.195    0.321        0.969     0.000   13.545
32954             0.101     0.000   54.832       10.639   330.764    0.322        6.999     0.000    1.805        1.110     0.000   12.655       14.867   320.113    0.320        0.969     0.000   13.478
33616             0.101     0.000   54.132       10.642   329.664    0.322        6.999     0.000    1.805        1.111     0.000   12.661       14.856   320.651    0.320        0.970     0.000   13.479
34259             0.101     0.000   55.167       10.657   331.212    0.320        7.000     0.000    1.805        1.109     0.000   12.665       14.894   323.594    0.320        0.968     0.000   13.563
34910             0.101     0.000   54.462       10.727   322.315    0.326        7.000     0.000    1.804        1.108     0.000   12.718       14.943   314.294    0.325        0.968     0.000   13.505
35568             0.101     0.000   53.809       10.650   331.422    0.320        7.000     0.000    1.805        1.110     0.000   12.676       14.873   321.075    0.322        0.969     0.000   13.498
36227             0.101     0.000   54.806       10.675   329.588    0.321        6.999     0.000    1.807        1.109     0.000   12.645       14.889   322.715    0.321        0.969     0.000   13.492
36874             0.101     0.000   54.954       10.664   330.070    0.322        7.000     0.000    1.805        1.111     0.000   12.606       14.884   323.155    0.321        0.970     0.000   13.433
37533             0.102     0.000   53.542       10.654   331.761    0.323        7.000     0.000    1.804        1.110     0.000   12.650       14.884   325.207    0.321        0.970     0.000   13.477
38169             0.101     0.000   55.237       10.669   328.198    0.323        6.999     0.000    1.805        1.109     0.000   12.656       14.880   319.867    0.323        0.968     0.000   13.554
38818             0.101     0.000   55.375       10.643   329.564    0.322        7.000     0.000    1.805        1.110     0.000   12.702       14.879   323.535    0.319        0.970     0.000   13.497
39483             0.101     0.000   54.761       10.665   332.143    0.321        6.999     0.000    1.808        1.109     0.000   12.631       14.897   322.645    0.318        0.969     0.000   13.494
40127             0.101     0.000   54.893       10.685   329.878    0.322        7.000     0.000    1.805        1.109     0.000   12.638       14.894   318.962    0.321        0.969     0.000   13.488
40777             0.101     0.000   54.225       10.676   326.508    0.324        7.000     0.000    1.806        1.109     0.000   12.679       14.882   319.543    0.323        0.968     0.000   13.520
41435             0.101     0.000   54.448       10.686   328.804    0.322        6.999     0.000    1.804        1.109     0.000   12.687       14.896   317.196    0.323        0.968     0.000   13.470
42086             0.101     0.000   54.586       10.656   329.896    0.321        6.999     0.000    1.807        1.108     0.000   12.688       14.889   324.003    0.319        0.968     0.000   13.550
42732             0.101     0.000   49.516       10.689   330.666    0.321        7.000     0.000    1.803        1.110     0.000   12.620       14.910   319.012    0.322        0.969     0.000   13.497
43380             0.101     0.000   54.157       10.678   331.305    0.323        7.000     0.000    1.809        1.110     0.000   12.658       14.884   320.286    0.320        0.969     0.000   13.489
44032             0.101     0.000   52.295       10.675   331.713    0.321        7.000     0.000    1.800        1.109     0.000   12.700       14.876   322.107    0.320        0.969     0.000   13.482
44687             0.102     0.000   53.710       10.654   329.201    0.321        7.000     0.000    1.798        1.109     0.000   12.634       14.867   323.114    0.320        0.968     0.000   13.476
45344             0.102     0.000   53.853       10.681   329.680    0.322        6.999     0.000    1.800        1.109     0.000   12.712       14.888   337.685    0.322        0.968     0.000   13.552
45999             0.101     0.000   50.493       10.653   331.225    0.321        7.000     0.000    1.791        1.110     0.000   12.651       14.874   338.246    0.322        0.969     0.000   13.505
46638             0.101     0.000   52.878       10.698   326.922    0.324        7.000     0.000    1.799        1.110     0.000   12.649       14.944   321.905    0.320        0.969     0.000   13.491
47293             0.101     0.000   53.620       10.664   332.100    0.321        6.999     0.000    1.800        1.109     0.000   12.723       14.891   336.540    0.322        0.969     0.000   13.489
47944             0.101     0.000   46.457       10.692   327.173    0.323        6.999     0.000    1.799        1.109     0.000   12.660       14.930   324.024    0.321        0.969     0.021   13.517
48602             0.101     0.000   52.204       10.676   329.986    0.322        7.000     0.000    1.802        1.109     0.000   12.703       14.886   322.127    0.320        0.968     0.000   13.474
49254             0.101     0.000   53.421       10.690   328.400    0.322        7.000     0.000    1.794        1.109     0.000   12.671       14.896   320.583    0.323        0.968     0.000   13.505
49896             0.101     0.000   46.939       10.677   328.924    0.321        7.000     0.000    1.799        1.110     0.000   12.641       14.902   341.250    0.321        0.969     0.000   13.496
50556             0.101     0.000   52.553       10.653   331.731    0.318        7.000     0.000    1.798        1.109     0.000   12.677       14.887   324.294    0.319        0.969     0.000   13.492
51200             0.101     0.000   53.222       10.651   330.527    0.321        7.000     0.000    1.799        1.109     0.000   12.680       14.851   323.770    0.320        0.969     0.000   13.520
51857             0.102     0.000   53.905       10.699   330.351    0.321        7.000     0.000    1.802        1.109     0.000   12.651       14.894   323.910    0.320        0.968     0.000   13.480
52508             0.101     0.000   54.021       10.661   328.502    0.322        7.000     0.000    1.797        1.109     0.000   12.692       14.867   333.244    0.322        0.968     0.000   13.509
53154             0.101     0.000   53.101       10.672   327.050    0.322        7.000     0.000    1.800        1.109     0.000   12.662       14.901   325.037    0.318        0.968     0.000   13.498
53810             0.101     0.000   52.141       10.671   334.492    0.321        6.999     0.000    1.798        1.110     0.000   12.667       14.892   326.166    0.318        0.969     0.019   13.459
54461             0.101     0.000   53.815       10.634   330.714    0.321        7.000     0.000    1.800        1.109     0.000   12.642       14.859   324.214    0.319        0.969     0.000   13.487
55115             0.101     0.000   53.354       10.664   333.212    0.319        7.000     0.000    1.801        1.110     0.000   12.676       14.886   326.245    0.317        0.969     0.000   13.485
55779             0.101     0.000   52.523       10.660   328.403    0.323        7.000     0.000    1.801        1.110     0.000   12.625       14.886   321.788    0.320        0.969     0.000   13.483
56413             0.101     0.000   49.835       10.671   332.831    0.320        7.000     0.000    1.694        1.109     0.000   12.654       14.884   334.586    0.326        0.968     0.000   13.502
57070             0.101     0.000   53.237       10.678   331.277    0.322        7.000     0.000    1.805        1.110     0.000   12.713       14.891   321.307    0.322        0.969     0.000   13.498
57716             0.101     0.000   54.347       10.647   330.896    0.320        7.000     0.000    1.805        1.110     0.000   12.688       14.857   334.760    0.324        0.969     0.000   13.491
58370             0.101     0.000   53.946       10.646   330.358    0.322        7.000     0.000    1.804        1.110     0.000   12.747       14.866   336.903    0.324        0.969     0.000   13.456
59023             0.102     0.000   54.550       10.669   331.244    0.321        7.000     0.000    1.805        1.109     0.000   12.751       14.882   336.852    0.321        0.968     0.000   13.513
59673             0.101     0.000   54.150       10.659   332.412    0.321        7.000     0.000    1.804        1.109     0.000   12.723       14.885   324.502    0.319        0.968     0.000   13.507
60330             0.101     0.000   54.254       10.662   332.703    0.320        7.000     0.000    1.805        1.110     0.000   12.704       14.871   321.432    0.320        0.969     0.000   13.473
60975             0.101     0.000   54.834       10.666   329.463    0.322        7.000     0.000    1.805        1.110     0.000   12.653       14.881   324.067    0.320        0.969     0.000   13.493
61637             0.101     0.000   54.450       10.657   334.036    0.319        7.000     0.000    1.803        1.109     0.000   12.788       14.861   325.178    0.321        0.969     0.000   13.487
62280             0.101     0.000   54.536       10.649   331.182    0.321        7.000     0.000    1.805        1.109     0.016   12.739       14.878   322.479    0.321        0.969     0.000   13.483
62935             0.101     0.000   54.161       10.700   331.167    0.320        7.000     0.000    1.802        1.109     0.000   12.742       14.923   322.285    0.322        0.968     0.016   13.476
63583             0.101     0.000   54.205       10.642   333.658    0.320        7.000     0.000    1.805        1.109     0.000   12.666       14.856   334.901    0.319        0.968     0.000   13.477
64246             0.101     0.000   54.354       10.635   332.005    0.320        7.000     0.000    1.803        1.110     0.000   12.672       14.874   326.511    0.317        0.969     0.000   13.474
64893             0.101     0.000   54.440       10.648   335.105    0.319        7.000     0.000    1.805        1.109     0.000   12.702       14.883   327.740    0.316        0.969     0.000   13.494
65545             0.101     0.000   54.080       10.672   331.345    0.322        7.000     0.000    1.805        1.110     0.000   12.730       14.902   335.342    0.325        0.970     0.000   13.489
