# columns match size in bytes then (ins/byte, branch miss /kb, GB/s)# the validators are memcpy, branchy, dfa, lookup3
# number of repetitions 1000 
1032             0.101     0.000  114.667       10.775    12.597    1.031        6.993     0.000    1.836        1.120     6.783   13.579
1684             0.108     0.000   99.059       10.739    62.945    0.791        7.001     0.000    1.840        1.094     0.594   11.079
2329            -0.101     0.000   68.500       10.587   156.720    0.559        6.995     0.000    1.848        1.098     0.000   10.082
3002            -0.100     0.000  230.923       10.608   203.531    0.486        6.997     0.000    1.843        1.112     0.000   11.077
3637            -0.106     0.000  129.893       10.692   239.208    0.447        7.002     0.000    1.834        1.112     0.000   11.156
4290             0.000     0.000   70.328       10.667   262.005    0.420        6.996     0.000    1.845        1.109     0.000   11.230
4934             0.000     0.000   53.630       10.540   288.002    0.401        6.999     0.203    1.838        1.108     0.203   11.976
5588             0.000     0.000   70.734       10.599   287.402    0.404        7.003     0.179    1.830        1.105     0.000   10.705
6237             0.000     0.000   99.000       10.743   282.347    0.406        7.000     0.000    1.842        1.104     0.000   11.299
6888             0.000     0.000   98.400       10.602   298.635    0.397        6.998     0.145    1.837        1.113     0.145   11.074
7550             0.000     0.000   88.824       10.651   307.682    0.384        6.997     0.132    1.841        1.110     0.000   11.474
8194             0.000     0.000   80.333       10.678   301.562    0.388        6.999     0.000    1.840        1.112     0.122   11.194
8846             0.000     0.000   75.607       10.648   301.379    0.388        6.999     0.000    1.835        1.107     0.113   11.779
9500             0.000     0.000   75.397       10.630   322.316    0.377        7.001     0.000    1.837        1.106     0.000   11.124
10150             0.000     0.000   76.894       10.651   313.892    0.383        7.000     0.000    1.835        1.113     0.099   11.430
10801             0.000     0.000   72.490       10.662   318.396    0.378        6.999     0.000    1.840        1.111     0.000   10.932
11456             0.000     0.000   67.388       10.740   313.024    0.380        7.000     0.000    1.839        1.109     0.175   11.220
12113             0.000     0.000   68.435       10.719   313.300    0.378        6.999     0.000    1.836        1.114     0.083   11.289
12785             0.000     0.000   58.647       10.709   314.744    0.379        7.000     0.000    1.833        1.111     0.000   11.215
13409             0.000     0.000   63.250       10.670   312.477    0.382        7.001     0.075    1.831        1.107     0.000   11.297
14056             0.000     0.000   64.477       10.666   311.042    0.384        7.001     0.000    1.829        1.111     0.071   11.200
14720             0.000     0.000   52.199       10.673   314.470    0.380        6.999     0.000    1.832        1.109     0.000   11.126
15363             0.000     0.000   55.263       10.716   313.155    0.379        7.001     0.065    1.828        1.110     0.130   11.321
16011             0.000     0.000   54.459       10.639   317.282    0.377        7.000     0.000    1.829        1.108     0.000   11.244
16665             0.000     0.000   53.243       10.670   314.431    0.378        7.001     0.060    1.830        1.108     0.000   11.414
17325             0.000     0.000   50.806       10.636   322.136    0.372        7.000     0.000    1.831        1.111     0.000   11.287
17979             0.000     0.000   51.077       10.607   325.880    0.373        6.999     0.000    1.831        1.110     0.000   11.078
18635             0.000     0.000   49.693       10.650   319.882    0.376        7.000     0.000    1.829        1.109     0.000   11.079
19279             0.000     0.000   52.247       10.686   322.942    0.374        6.999     0.052    1.838        1.112     0.052   10.954
19922             0.000     0.000   55.186       10.667   327.477    0.372        7.000     0.000    1.829        1.108     0.050   11.068
20579             0.000     0.000   44.737       10.666   322.124    0.373        7.000     0.000    1.834        1.108     0.000   11.239
21227             0.000     0.000   52.412       10.683   326.989    0.371        7.000     0.000    1.829        1.110     0.094   11.249
21882             0.000     0.000   49.732       10.667   319.258    0.371        7.000     0.046    1.830        1.110     0.000   11.204
22531             0.000     0.000   44.704       10.598   328.037    0.368        7.000     0.000    1.827        1.113     0.089   10.890
23180             0.000     0.000   44.491       10.679   328.085    0.370        7.000     0.000    1.826        1.109     0.000   11.012
23839             0.000     0.000   45.494       10.648   330.551    0.369        7.000     0.042    1.830        1.108     0.000   11.006
24488             0.000     0.000   44.362       10.678   322.199    0.373        7.001     0.041    1.823        1.110     0.000   10.986
25138             0.000     0.000   43.642       10.624   326.040    0.372        7.000     0.000    1.830        1.110     0.000   10.977
25787             0.000     0.000   44.537       10.672   326.172    0.372        7.000     0.078    1.824        1.110     0.000   11.039
26445             0.000     0.000   44.149       10.677   330.346    0.368        6.999     0.038    1.829        1.112     0.076   10.923
27091             0.000     0.000   46.951       10.677   327.009    0.371        7.000     0.037    1.826        1.109     0.037   11.013
27748             0.000     0.000   46.017       10.676   324.168    0.373        7.001     0.000    1.824        1.108     0.000   11.042
28392             0.000     0.000   44.924       10.707   330.868    0.367        7.001     0.070    1.830        1.110     0.035   10.887
29051             0.000     0.000   45.180       10.664   331.279    0.366        7.000     0.000    1.831        1.110     0.000   10.946
29698             0.000     0.000   44.793       10.625   330.191    0.368        7.000     0.034    1.830        1.110     0.101   10.898
30356             0.000     0.000   45.511       10.628   329.688    0.367        7.000     0.066    1.827        1.109     0.033   10.872
31000             0.000     0.000   46.617       10.677   324.645    0.369        7.001     0.032    1.824        1.109     0.065   10.915
31651             0.000     0.000   45.541       10.692   330.669    0.370        7.000     0.063    1.834        1.110     0.063   10.903
32306             0.000     0.000   45.954       10.686   329.722    0.366        7.000     0.000    1.829        1.110     0.000   10.881
32957             0.000     0.000   45.774       10.664   328.671    0.369        7.000     0.000    1.831        1.109     0.000   10.884
33608             0.000     0.000   43.590       10.653   334.682    0.366        7.000     0.000    1.826        1.109     0.119   11.121
34261             0.000     0.000   46.550       10.631   332.886    0.367        7.000     0.088    1.828        1.109     0.000   11.255
34909             0.000     0.000   42.991       10.705   328.168    0.367        7.000     0.000    1.833        1.108     0.029   11.164
35561             0.000     0.000   43.209       10.670   328.731    0.371        7.000     0.028    1.830        1.110     0.056   10.872
36214             0.000     0.000   42.405       10.686   330.287    0.368        7.000     0.000    1.830        1.110     0.000   10.924
36868             0.000     0.000   42.231       10.668   331.399    0.370        7.000     0.027    1.821        1.110     0.054   10.879
37520             0.000     0.000   41.276       10.632   335.208    0.365        7.000     0.000    1.830        1.109     0.027   10.926
38171             0.000     0.000   41.626       10.635   330.067    0.369        7.000     0.000    1.831        1.109     0.026   10.866
38821             0.000     0.000   43.327       10.711   328.920    0.370        7.000     0.000    1.835        1.110     0.026   10.920
39470             0.000     0.000   42.441       10.664   331.720    0.366        7.000     0.000    1.828        1.110     0.025   10.876
40123             0.000     0.000   41.751       10.651   333.674    0.365        7.000     0.000    1.828        1.110     0.025   10.951
40773             0.000     0.000   42.077       10.623   333.726    0.366        7.000     0.025    1.831        1.109     0.098   11.008
41439             0.000     0.000   43.301       10.643   331.668    0.369        7.000     0.024    1.830        1.108     0.024   10.914
42098             0.000     0.000   43.355       10.664   329.232    0.370        7.000     0.000    1.841        1.108     0.024   10.898
42728             0.000     0.000   50.806       10.654   328.824    0.369        7.000     0.023    1.824        1.110     0.047   10.883
43382             0.000     0.000   46.348       10.661   328.062    0.369        7.000     0.000    1.826        1.110     0.069   11.242
44032             0.000     0.000   47.295       10.666   327.421    0.370        7.000     0.000    1.833        1.109     0.045   11.150
44683             0.000     0.000   48.568       10.667   330.058    0.367        7.000     0.000    1.833        1.109     0.045   11.085
45337             0.000     0.000   45.657       10.670   330.039    0.368        7.000     0.000    1.834        1.109     0.022   11.134
45992             0.000     0.000   44.609       10.670   330.644    0.367        7.000     0.000    1.821        1.110     0.130   11.027
46646             0.000     0.000   48.039       10.679   330.211    0.368        7.000     0.064    1.829        1.110     0.000   11.170
47290             0.000     0.000   45.779       10.676   332.628    0.366        7.000     0.000    1.832        1.110     0.021   11.169
47944             0.000     0.000   48.088       10.650   332.200    0.366        7.000     0.000    1.831        1.109     0.021   11.173
48594             0.000     0.000   46.546       10.680   329.094    0.366        7.000     0.021    1.829        1.109     0.021   11.210
49245             0.000     0.000   44.606       10.657   326.774    0.367        7.000     0.000    1.820        1.109     0.000   11.202
49909             0.000     0.000   46.042       10.667   331.984    0.366        7.000     0.000    1.831        1.110     0.020   11.106
50558             0.000     0.000   45.589       10.656   330.828    0.368        7.000     0.000    1.832        1.109     0.000   11.129
51202             0.000     0.000   45.513       10.685   324.753    0.370        7.000     0.020    1.831        1.110     0.059   11.143
51854             0.000     0.000   47.660       10.690   328.750    0.369        7.000     0.000    1.827        1.109     0.000   11.130
52504             0.000     0.000   44.420       10.692   330.013    0.365        7.000     0.019    1.824        1.109     0.000   11.138
53164             0.000     0.000   47.173       10.659   333.195    0.368        7.000     0.000    1.835        1.110     0.000   11.230
53808             0.000     0.000   46.108       10.670   331.029    0.367        7.000     0.000    1.831        1.110     0.000   11.166
54458             0.000     0.000   45.956       10.651   330.879    0.367        7.000     0.000    1.834        1.109     0.000   11.224
55116             0.000     0.000   47.188       10.673   331.192    0.368        7.000     0.018    1.826        1.110     0.000   11.094
55763             0.000     0.000   45.595       10.659   333.859    0.366        7.000     0.018    1.823        1.109     0.000   11.213
56415             0.000     0.000   43.164       10.670   333.918    0.366        7.000     0.018    1.832        1.109     0.000   11.143
57067             0.000     0.000   45.654       10.667   332.819    0.367        7.000     0.000    1.833        1.110     0.000   11.111
57718             0.000     0.000   46.472       10.676   330.642    0.364        7.000     0.017    1.826        1.110     0.000   11.205
58368             0.000     0.000   44.864       10.638   334.258    0.366        7.000     0.051    1.825        1.108     0.034   11.184
59026             0.000     0.000   45.092       10.667   331.905    0.367        7.000     0.000    1.829        1.110     0.000   11.120
59678             0.000     0.000   45.591       10.670   330.323    0.368        7.000     0.000    1.829        1.109     0.000   11.186
60329             0.000     0.000   43.844       10.658   332.527    0.369        7.000     0.000    1.837        1.110     0.017   11.147
60976             0.000     0.000   43.338       10.669   333.393    0.365        7.000     0.000    1.822        1.110     0.000   11.127
61633             0.000     0.000   45.352       10.676   332.079    0.367        7.000     0.000    1.826        1.109     0.000   11.196
62280             0.000     0.000   45.929       10.647   334.184    0.366        7.000     0.000    1.833        1.109     0.000   11.121
62934             0.000     0.000   43.704       10.662   329.266    0.367        7.000     0.000    1.829        1.109     0.000   11.125
63583             0.000     0.000   43.972       10.666   330.403    0.367        7.000     0.000    1.835        1.109     0.000   11.149
64232             0.000     0.000   46.919       10.665   332.638    0.365        7.000     0.000    1.823        1.110     0.031   11.122
64894             0.000     0.000   42.221       10.662   331.325    0.366        7.000     0.000    1.826        1.109     0.000   11.093
65538             0.000     0.000   43.004       10.672   330.251    0.368        7.000     0.000    1.831        1.110     0.015   11.106
